1.000000000000000016e+100
1.000000000000000016e+100
1.000000000000000016e+100
1.000000000000000016e+100
1.000000000000000016e+100
1.000000000000000016e+100
1.000000000000000016e+100
1.000000000000000016e+100
1.000000000000000016e+100
1.000000000000000016e+100
1.000000000000000016e+100
1.000000000000000016e+100
1.000000000000000016e+100
1.000000000000000016e+100
1.000000000000000016e+100
1.000000000000000016e+100
1.000000000000000016e+100
1.000000000000000016e+100
1.000000000000000016e+100
1.000000000000000016e+100
2.531541853639534619e-08
2.528195349570142135e-08
2.524848845500749321e-08
2.519758748344341846e-08
2.514668651187934040e-08
2.509578554031526565e-08
2.504488456875119090e-08
2.499398359718711615e-08
2.494308262562303809e-08
2.489218165405896334e-08
2.484128068249488859e-08
2.479037971093081053e-08
2.473947873936673578e-08
2.472502532172521835e-08
2.471057190408370423e-08
2.469611848644219011e-08
2.468166506880067268e-08
2.466721165115915525e-08
2.465275823351764113e-08
2.463830481587612701e-08
2.462385139823460958e-08
2.460939798059309215e-08
2.459494456295157803e-08
2.460257553871703629e-08
2.461020651448249455e-08
2.461783749024795281e-08
2.462546846601341107e-08
2.463309944177886933e-08
2.464073041754432428e-08
2.464836139330978254e-08
2.465599236907524080e-08
2.466362334484069906e-08
2.467125432060615732e-08
2.468759234944117732e-08
2.470393037827619733e-08
2.472026840711121402e-08
2.473660643594623402e-08
2.475294446478125402e-08
2.476928249361627402e-08
2.478562052245129402e-08
2.480195855128631071e-08
2.481829658012133072e-08
2.483463460895635072e-08
2.486725879755658792e-08
2.489988298615682181e-08
2.493250717475705901e-08
2.496513136335729621e-08
2.499775555195753341e-08
2.503037974055776731e-08
2.506300392915800451e-08
2.509562811775824171e-08
2.512825230635847560e-08
2.516087649495871280e-08
2.521512333929168697e-08
2.526937018362465783e-08
2.532361702795762869e-08
2.537786387229060286e-08
2.543211071662357703e-08
2.548635756095654789e-08
2.554060440528951875e-08
2.559485124962249292e-08
2.564909809395546709e-08
2.570334493828843796e-08
2.574980235080143344e-08
2.579625976331442893e-08
2.584271717582742442e-08
2.588917458834041991e-08
2.593563200085341540e-08
2.598208941336641419e-08
2.602854682587940968e-08
2.607500423839240517e-08
2.612146165090540066e-08
2.616791906341839615e-08
2.621616195917277370e-08
2.626440485492714795e-08
2.631264775068152550e-08
2.636089064643589975e-08
2.640913354219027731e-08
2.645737643794465486e-08
2.650561933369902911e-08
2.655386222945340666e-08
2.660210512520778091e-08
2.665034802096215846e-08
2.672004866194385294e-08
2.678974930292554410e-08
2.685944994390723526e-08
2.692915058488892973e-08
2.699885122587062420e-08
2.706855186685231537e-08
2.713825250783400653e-08
2.720795314881570100e-08
2.727765378979739547e-08
2.734735443077908663e-08
2.742981359252631886e-08
2.751227275427355109e-08
2.759473191602078332e-08
2.767719107776801555e-08
2.775965023951524778e-08
2.784210940126248001e-08
2.792456856300971224e-08
2.800702772475694447e-08
2.808948688650417669e-08
2.817194604825140892e-08
2.826214100201005600e-08
2.835233595576870639e-08
2.844253090952735347e-08
2.853272586328600386e-08
2.862292081704465094e-08
2.871311577080329802e-08
2.880331072456194841e-08
2.889350567832059549e-08
2.898370063207924588e-08
2.907389558583789296e-08
2.914953304472606566e-08
2.922517050361423505e-08
2.930080796250240775e-08
2.937644542139057715e-08
2.945208288027874985e-08
2.952772033916692255e-08
2.960335779805509194e-08
2.967899525694326464e-08
2.975463271583143403e-08
2.983027017471960673e-08
2.991234103711081922e-08
2.999441189950202509e-08
3.007648276189323757e-08
3.015855362428445006e-08
3.024062448667565593e-08
3.032269534906686841e-08
3.040476621145808090e-08
3.048683707384929339e-08
3.056890793624049926e-08
3.065097879863171174e-08
3.075535741647009696e-08
3.085973603430848217e-08
3.096411465214686739e-08
3.106849326998525260e-08
3.117287188782363782e-08
3.127725050566202303e-08
3.138162912350040825e-08
3.148600774133879347e-08
3.159038635917717868e-08
3.169476497701556390e-08
3.181954123611466820e-08
3.194431749521376588e-08
3.206909375431287019e-08
3.219387001341197449e-08
3.231864627251107879e-08
3.244342253161017648e-08
3.256819879070928078e-08
3.269297504980838508e-08
3.281775130890748277e-08
3.294252756800658707e-08
3.305511926940657996e-08
3.316771097080657947e-08
3.328030267220657237e-08
3.339289437360657188e-08
3.350548607500656477e-08
3.361807777640655766e-08
3.373066947780655718e-08
3.384326117920655007e-08
3.395585288060654958e-08
3.406844458200654247e-08
3.417238097424242511e-08
3.427631736647830775e-08
3.438025375871418377e-08
3.448419015095006641e-08
3.458812654318594905e-08
3.469206293542183169e-08
3.479599932765771433e-08
3.489993571989359035e-08
3.500387211212947299e-08
3.510780850436535563e-08
3.522128200745257845e-08
3.533475551053979465e-08
3.544822901362701085e-08
3.556170251671423367e-08
3.567517601980145649e-08
3.578864952288867269e-08
3.590212302597588889e-08
3.601559652906311171e-08
3.612907003215033453e-08
3.624254353523755073e-08
3.636641312174577811e-08
3.649028270825399888e-08
3.661415229476222626e-08
3.673802188127045364e-08
3.686189146777867441e-08
3.698576105428690179e-08
3.710963064079512917e-08
3.723350022730335655e-08
3.735736981381157732e-08
3.748123940031980470e-08
3.760426785877956659e-08
3.772729631723932186e-08
3.785032477569908375e-08
3.797335323415884564e-08
3.809638169261860753e-08
3.821941015107836280e-08
3.834243860953812469e-08
3.846546706799788658e-08
3.858849552645764185e-08
3.871152398491740374e-08
3.882202202624473573e-08
3.893252006757207435e-08
3.904301810889941296e-08
3.915351615022674496e-08
3.926401419155407695e-08
3.937451223288141557e-08
3.948501027420875418e-08
3.959550831553608617e-08
3.970600635686341817e-08
3.981650439819075678e-08
3.992845485428912553e-08
4.004040531038748766e-08
4.015235576648584979e-08
4.026430622258421854e-08
4.037625667868258729e-08
4.048820713478094942e-08
4.060015759087931155e-08
4.071210804697768030e-08
4.082405850307604905e-08
4.093600895917441118e-08
4.104614652674124485e-08
4.115628409430807853e-08
4.126642166187491220e-08
4.137655922944174588e-08
4.148669679700857955e-08
4.159683436457541323e-08
4.170697193214224690e-08
4.181710949970908058e-08
4.192724706727591425e-08
4.203738463484274793e-08
4.215155045674559072e-08
4.226571627864843350e-08
4.237988210055127629e-08
4.249404792245411908e-08
4.260821374435696186e-08
4.272237956625979803e-08
4.283654538816264082e-08
4.295071121006548361e-08
4.306487703196832640e-08
4.317904285387116918e-08
4.327966188401287270e-08
4.338028091415457621e-08
4.348089994429628635e-08
4.358151897443798986e-08
4.368213800457969338e-08
4.378275703472139689e-08
4.388337606486310041e-08
4.398399509500481054e-08
4.408461412514651406e-08
4.418523315528821757e-08
4.427302428352757980e-08
4.436081541176694203e-08
4.444860654000630426e-08
4.453639766824566649e-08
4.462418879648503534e-08
4.471197992472439757e-08
4.479977105296375980e-08
4.488756218120312203e-08
4.497535330944248426e-08
4.506314443768184649e-08
4.514601180641307159e-08
4.522887917514429007e-08
4.531174654387551518e-08
4.539461391260673366e-08
4.547748128133795876e-08
4.556034865006918386e-08
4.564321601880040235e-08
4.572608338753162745e-08
4.580895075626284594e-08
4.589181812499407104e-08
4.596710003640035025e-08
4.604238194780663608e-08
4.611766385921291530e-08
4.619294577061919451e-08
4.626822768202548034e-08
4.634350959343175956e-08
4.641879150483803877e-08
4.649407341624431799e-08
4.656935532765060382e-08
4.664463723905688303e-08
4.671085530258089852e-08
4.677707336610490739e-08
4.684329142962892287e-08
4.690950949315293836e-08
4.697572755667694722e-08
4.704194562020096271e-08
4.710816368372497819e-08
4.717438174724899368e-08
4.724059981077300255e-08
4.730681787429701803e-08
4.736005216361952662e-08
4.741328645294203521e-08
4.746652074226453718e-08
4.751975503158704577e-08
4.757298932090955436e-08
4.762622361023206296e-08
4.767945789955457155e-08
4.773269218887707352e-08
4.778592647819958211e-08
4.783916076752209070e-08
4.788405067950294926e-08
4.792894059148380121e-08
4.797383050346465315e-08
4.801872041544551172e-08
4.806361032742637028e-08
4.810850023940722222e-08
4.815339015138807417e-08
4.819828006336893273e-08
4.824316997534979130e-08
4.828805988733064324e-08
4.832470041019873467e-08
4.836134093306682611e-08
4.839798145593491754e-08
4.843462197880300898e-08
4.847126250167110041e-08
4.850790302453919846e-08
4.854454354740728990e-08
4.858118407027538133e-08
4.861782459314347276e-08
4.865446511601156420e-08
4.868690492034793725e-08
4.871934472468430369e-08
4.875178452902067013e-08
4.878422433335704319e-08
4.881666413769341625e-08
4.884910394202978269e-08
4.888154374636614913e-08
4.891398355070252219e-08
4.894642335503889524e-08
4.897886315937526168e-08
4.900359994261996137e-08
4.902833672586466106e-08
4.905307350910936076e-08
4.907781029235406045e-08
4.910254707559876014e-08
4.912728385884345983e-08
4.915202064208815952e-08
4.917675742533285921e-08
4.920149420857755890e-08
4.922623099182225859e-08
4.924443078943078818e-08
4.926263058703931115e-08
4.928083038464783412e-08
4.929903018225636371e-08
4.931722997986489330e-08
4.933542977747341627e-08
4.935362957508193924e-08
4.937182937269046883e-08
4.939002917029899841e-08
4.940822896790752138e-08
4.942293092346455772e-08
4.943763287902160067e-08
4.945233483457864362e-08
4.946703679013567995e-08
4.948173874569271628e-08
4.949644070124975923e-08
4.951114265680680218e-08
4.952584461236383851e-08
4.954054656792087484e-08
4.955524852347791779e-08
4.956705696301697126e-08
4.957886540255601810e-08
4.959067384209506494e-08
4.960248228163411841e-08
4.961429072117317187e-08
4.962609916071221871e-08
4.963790760025126556e-08
4.964971603979031902e-08
4.966152447932937248e-08
4.967333291886841932e-08
4.968399262208401938e-08
4.969465232529961282e-08
4.970531202851520627e-08
4.971597173173080633e-08
4.972663143494640639e-08
4.973729113816199983e-08
4.974795084137759327e-08
4.975861054459319333e-08
4.976927024780879339e-08
4.977992995102438683e-08
4.978950490162026864e-08
4.979907985221615045e-08
4.980865480281202564e-08
4.981822975340790746e-08
4.982780470400378927e-08
4.983737965459967108e-08
4.984695460519555289e-08
4.985652955579142808e-08
4.986610450638730989e-08
4.987567945698319170e-08
4.988519558574446445e-08
4.989471171450574381e-08
4.990422784326701656e-08
4.991374397202828930e-08
4.992326010078956867e-08
4.993277622955084141e-08
4.994229235831211416e-08
4.995180848707338690e-08
4.996132461583466627e-08
4.997084074459593901e-08
4.998137819191348975e-08
4.999191563923103387e-08
5.000245308654858460e-08
5.001299053386613534e-08
5.002352798118368608e-08
5.003406542850123020e-08
5.004460287581878093e-08
5.005514032313633167e-08
5.006567777045387579e-08
5.007621521777142653e-08
5.009010934038052622e-08
5.010400346298963254e-08
5.011789758559873885e-08
5.013179170820783855e-08
5.014568583081693824e-08
5.015957995342604456e-08
5.017347407603515087e-08
5.018736819864425056e-08
5.020126232125335026e-08
5.021515644386245657e-08
5.023135086646173306e-08
5.024754528906101616e-08
5.026373971166029265e-08
5.027993413425957576e-08
5.029612855685885224e-08
5.031232297945812873e-08
5.032851740205741183e-08
5.034471182465668832e-08
5.036090624725597142e-08
5.037710066985524791e-08
5.039613911919606922e-08
5.041517756853688391e-08
5.043421601787770523e-08
5.045325446721851992e-08
5.047229291655934123e-08
5.049133136590016254e-08
5.051036981524097724e-08
5.052940826458179855e-08
5.054844671392261324e-08
5.056748516326343455e-08
5.058814557092035590e-08
5.060880597857727725e-08
5.062946638623419859e-08
5.065012679389111994e-08
5.067078720154803467e-08
5.069144760920495602e-08
5.071210801686187736e-08
5.073276842451879871e-08
5.075342883217572006e-08
5.077408923983264141e-08
5.079940192650577638e-08
5.082471461317891797e-08
5.085002729985205956e-08
5.087533998652519454e-08
5.090065267319832951e-08
5.092596535987147110e-08
5.095127804654461270e-08
5.097659073321774767e-08
5.100190341989088265e-08
5.102721610656402424e-08
5.105797985463142464e-08
5.108874360269883167e-08
5.111950735076623207e-08
5.115027109883363248e-08
5.118103484690103950e-08
5.121179859496843991e-08
5.124256234303584031e-08
5.127332609110324072e-08
5.130408983917064774e-08
5.133485358723804815e-08
5.136757485407250936e-08
5.140029612090696395e-08
5.143301738774142516e-08
5.146573865457587975e-08
5.149845992141034096e-08
5.153118118824480217e-08
5.156390245507925676e-08
5.159662372191371797e-08
5.162934498874817256e-08
5.166206625558263377e-08
5.169741121128227539e-08
5.173275616698191700e-08
5.176810112268156524e-08
5.180344607838120685e-08
5.183879103408084847e-08
5.187413598978049009e-08
5.190948094548013170e-08
5.194482590117977994e-08
5.198017085687942155e-08
5.201551581257906317e-08
5.205311588748112951e-08
5.209071596238320247e-08
5.212831603728527543e-08
5.216591611218734177e-08
5.220351618708940811e-08
5.224111626199148107e-08
5.227871633689355403e-08
5.231631641179562037e-08
5.235391648669768671e-08
5.239151656159975967e-08
5.243600114440781241e-08
5.248048572721587177e-08
5.252497031002392451e-08
5.256945489283198387e-08
5.261393947564003661e-08
5.265842405844808934e-08
5.270290864125614870e-08
5.274739322406420144e-08
5.279187780687226080e-08
5.283636238968031354e-08
5.288405592518695670e-08
5.293174946069360647e-08
5.297944299620025625e-08
5.302713653170689941e-08
5.307483006721354257e-08
5.312252360272019235e-08
5.317021713822684212e-08
5.321791067373348528e-08
5.326560420924012844e-08
5.331329774474677822e-08
5.336234710302724425e-08
5.341139646130771029e-08
5.346044581958817633e-08
5.350949517786864236e-08
5.355854453614911501e-08
5.360759389442958105e-08
5.365664325271004708e-08
5.370569261099051312e-08
5.375474196927097915e-08
5.380379132755144519e-08
5.385159304698971262e-08
5.389939476642798004e-08
5.394719648586625409e-08
5.399499820530452151e-08
5.404279992474278894e-08
5.409060164418105637e-08
5.413840336361932379e-08
5.418620508305759784e-08
5.423400680249586526e-08
5.428180852193413269e-08
5.433090439347898572e-08
5.438000026502383875e-08
5.442909613656869178e-08
5.447819200811354481e-08
5.452728787965839784e-08
5.457638375120324426e-08
5.462547962274809729e-08
5.467457549429295032e-08
5.472367136583780335e-08
5.477276723738265638e-08
5.482594160357118219e-08
5.487911596975970801e-08
5.493229033594823383e-08
5.498546470213675965e-08
5.503863906832528547e-08
5.509181343451381129e-08
5.514498780070233710e-08
5.519816216689086292e-08
5.525133653307938874e-08
5.530451089926791456e-08
5.535763950713230959e-08
5.541076811499671124e-08
5.546389672286110628e-08
5.551702533072550793e-08
5.557015393858990296e-08
5.562328254645429800e-08
5.567641115431869965e-08
5.572953976218309468e-08
5.578266837004749634e-08
5.583579697791189137e-08
5.588690913654983421e-08
5.593802129518777706e-08
5.598913345382572652e-08
5.604024561246366936e-08
5.609135777110161220e-08
5.614246992973955505e-08
5.619358208837749789e-08
5.624469424701544735e-08
5.629580640565339019e-08
5.634691856429133304e-08
5.639473153855258732e-08
5.644254451281383498e-08
5.649035748707508264e-08
5.653817046133633692e-08
5.658598343559759120e-08
5.663379640985883887e-08
5.668160938412008653e-08
5.672942235838134081e-08
5.677723533264259509e-08
5.682504830690384275e-08
5.687561534819694630e-08
5.692618238949004984e-08
5.697674943078314677e-08
5.702731647207625031e-08
5.707788351336935386e-08
5.712845055466245740e-08
5.717901759595556095e-08
5.722958463724865787e-08
5.728015167854176142e-08
5.733071871983486496e-08
5.737971238907249009e-08
5.742870605831012183e-08
5.747769972754775358e-08
5.752669339678537870e-08
5.757568706602300383e-08
5.762468073526063557e-08
5.767367440449826732e-08
5.772266807373589244e-08
5.777166174297351757e-08
5.782065541221114931e-08
5.786713267748139640e-08
5.791360994275163687e-08
5.796008720802188396e-08
5.800656447329213105e-08
5.805304173856237152e-08
5.809951900383261860e-08
5.814599626910286569e-08
5.819247353437311278e-08
5.823895079964335325e-08
5.828542806491360034e-08
5.832805803019568881e-08
5.837068799547777729e-08
5.841331796075986577e-08
5.845594792604195425e-08
5.849857789132403611e-08
5.854120785660612459e-08
5.858383782188821307e-08
5.862646778717030155e-08
5.866909775245239002e-08
5.871172771773447850e-08
5.875234425845662507e-08
5.879296079917877163e-08
5.883357733990091158e-08
5.887419388062305815e-08
5.891481042134520472e-08
5.895542696206735128e-08
5.899604350278949785e-08
5.903666004351163780e-08
5.907727658423378436e-08
5.911789312495593093e-08
5.915895657645013151e-08
5.920002002794433208e-08
5.924108347943853266e-08
5.928214693093273323e-08
5.932321038242693381e-08
5.936427383392113438e-08
5.940533728541533496e-08
5.944640073690953554e-08
5.948746418840373611e-08
5.952852763989793669e-08
5.956580077501839923e-08
5.960307391013885516e-08
5.964034704525932432e-08
5.967762018037978024e-08
5.971489331550023617e-08
5.975216645062070533e-08
5.978943958574116125e-08
5.982671272086161718e-08
5.986398585598208634e-08
5.990125899110254227e-08
5.993472646397894538e-08
5.996819393685534849e-08
6.000166140973176483e-08
6.003512888260816794e-08
6.006859635548457105e-08
6.010206382836097416e-08
6.013553130123737727e-08
6.016899877411379361e-08
6.020246624699019672e-08
6.023593371986659983e-08
6.026664057067658710e-08
6.029734742148656113e-08
6.032805427229654840e-08
6.035876112310652244e-08
6.038946797391650971e-08
6.042017482472649698e-08
6.045088167553647101e-08
6.048158852634645828e-08
6.051229537715643232e-08
6.054300222796641959e-08
6.057459122177288943e-08
6.060618021557937251e-08
6.063776920938584235e-08
6.066935820319232543e-08
6.070094719699879528e-08
6.073253619080526512e-08
6.076412518461174820e-08
6.079571417841821804e-08
6.082730317222470112e-08
6.085889216603117096e-08
6.088919335993396741e-08
6.091949455383675062e-08
6.094979574773953384e-08
6.098009694164233028e-08
6.101039813554512673e-08
6.104069932944790994e-08
6.107100052335069316e-08
6.110130171725348961e-08
6.113160291115628605e-08
6.116190410505906927e-08
6.119080104569445088e-08
6.121969798632983249e-08
6.124859492696521411e-08
6.127749186760059572e-08
6.130638880823599057e-08
6.133528574887137218e-08
6.136418268950675379e-08
6.139307963014213541e-08
6.142197657077751702e-08
6.145087351141289863e-08
6.147781579862388299e-08
6.150475808583485410e-08
6.153170037304583846e-08
6.155864266025682281e-08
6.158558494746779393e-08
6.161252723467877828e-08
6.163946952188976263e-08
6.166641180910074699e-08
6.169335409631171810e-08
6.172029638352270246e-08
6.174717436193257213e-08
6.177405234034244180e-08
6.180093031875231147e-08
6.182780829716218114e-08
6.185468627557205081e-08
6.188156425398190725e-08
6.190844223239177692e-08
6.193532021080164659e-08
6.196219818921151626e-08
6.198907616762138594e-08
6.201779122800693875e-08
6.204650628839249155e-08
6.207522134877803113e-08
6.210393640916358394e-08
6.213265146954913675e-08
6.216136652993468956e-08
6.219008159032024237e-08
6.221879665070578194e-08
6.224751171109133475e-08
6.227622677147688756e-08
6.230606170626942389e-08
6.233589664106196022e-08
6.236573157585449655e-08
6.239556651064703288e-08
6.242540144543956922e-08
6.245523638023211878e-08
6.248507131502465511e-08
6.251490624981719144e-08
6.254474118460972777e-08
6.257457611940226410e-08
6.260561511573792473e-08
6.263665411207358537e-08
6.266769310840924600e-08
6.269873210474490663e-08
6.272977110108056726e-08
6.276081009741624112e-08
6.279184909375190176e-08
6.282288809008756239e-08
6.285392708642322302e-08
6.288496608275888365e-08
6.291530336308852629e-08
6.294564064341816894e-08
6.297597792374782481e-08
6.300631520407746746e-08
6.303665248440711010e-08
6.306698976473675274e-08
6.309732704506639539e-08
6.312766432539605126e-08
6.315800160572569391e-08
6.318833888605533655e-08
6.322099652311311508e-08
6.325365416017089362e-08
6.328631179722868539e-08
6.331896943428646392e-08
6.335162707134424245e-08
6.338428470840202098e-08
6.341694234545979952e-08
6.344959998251759129e-08
6.348225761957536982e-08
6.351491525663314835e-08
6.355082885477974766e-08
6.358674245292633374e-08
6.362265605107291982e-08
6.365856964921951913e-08
6.369448324736611844e-08
6.373039684551270452e-08
6.376631044365929059e-08
6.380222404180588991e-08
6.383813763995248922e-08
6.387405123809907529e-08
6.391306598320169470e-08
6.395208072830432733e-08
6.399109547340694673e-08
6.403011021850957937e-08
6.406912496361219877e-08
6.410813970871481817e-08
6.414715445381745081e-08
6.418616919892007021e-08
6.422518394402270285e-08
6.426419868912532225e-08
6.430348761727305989e-08
6.434277654542079753e-08
6.438206547356854840e-08
6.442135440171628604e-08
6.446064332986402368e-08
6.449993225801176132e-08
6.453922118615949896e-08
6.457851011430724984e-08
6.461779904245498747e-08
6.465708797060272511e-08
6.469819185367293718e-08
6.473929573674313601e-08
6.478039961981334807e-08
6.482150350288354690e-08
6.486260738595375897e-08
6.490371126902397103e-08
6.494481515209416986e-08
6.498591903516438192e-08
6.502702291823458075e-08
6.506812680130479282e-08
6.511261859995397862e-08
6.515711039860316443e-08
6.520160219725235023e-08
6.524609399590153604e-08
6.529058579455070860e-08
6.533507759319989441e-08
6.537956939184908021e-08
6.542406119049826602e-08
6.546855298914745182e-08
6.551304478779663763e-08
6.556055254531974860e-08
6.560806030284287281e-08
6.565556806036598379e-08
6.570307581788909476e-08
6.575058357541220573e-08
6.579809133293532994e-08
6.584559909045844092e-08
6.589310684798155189e-08
6.594061460550467610e-08
6.598812236302778708e-08
6.603849039793571085e-08
6.608885843284363462e-08
6.613922646775157163e-08
6.618959450265949540e-08
6.623996253756741917e-08
6.629033057247534295e-08
6.634069860738326672e-08
6.639106664229120373e-08
6.644143467719912750e-08
6.649180271210705127e-08
6.654046162840388719e-08
6.658912054470072311e-08
6.663777946099755903e-08
6.668643837729439495e-08
6.673509729359123087e-08
6.678375620988808002e-08
6.683241512618491594e-08
6.688107404248175186e-08
6.692973295877858778e-08
6.697839187507542370e-08
6.702887222569682217e-08
6.707935257631822064e-08
6.712983292693961910e-08
6.718031327756101757e-08
6.723079362818241604e-08
6.728127397880382775e-08
6.733175432942522622e-08
6.738223468004662469e-08
6.743271503066802316e-08
6.748319538128942163e-08
6.753692772820342738e-08
6.759066007511741991e-08
6.764439242203142566e-08
6.769812476894543142e-08
6.775185711585943718e-08
6.780558946277342970e-08
6.785932180968743545e-08
6.791305415660144121e-08
6.796678650351543373e-08
6.802051885042943949e-08
6.807605001463002219e-08
6.813158117883061813e-08
6.818711234303120084e-08
6.824264350723178354e-08
6.829817467143236625e-08
6.835370583563296219e-08
6.840923699983354489e-08
6.846476816403412760e-08
6.852029932823472353e-08
6.857583049243530624e-08
6.862944913316873276e-08
6.868306777390215928e-08
6.873668641463558581e-08
6.879030505536901233e-08
6.884392369610243885e-08
6.889754233683587861e-08
6.895116097756930513e-08
6.900477961830273165e-08
6.905839825903615817e-08
6.911201689976958470e-08
6.916407651621926087e-08
6.921613613266892381e-08
6.926819574911858675e-08
6.932025536556826292e-08
6.937231498201793910e-08
6.942437459846760204e-08
6.947643421491726497e-08
6.952849383136694115e-08
6.958055344781661732e-08
6.963261306426628026e-08
6.968639896353483217e-08
6.974018486280338408e-08
6.979397076207192275e-08
6.984775666134047466e-08
6.990154256060902657e-08
6.995532845987757848e-08
7.000911435914613039e-08
7.006290025841466906e-08
7.011668615768322097e-08
7.017047205695177288e-08
7.022630322646559773e-08
7.028213439597942257e-08
7.033796556549324742e-08
7.039379673500707226e-08
7.044962790452091035e-08
7.050545907403473519e-08
7.056129024354856004e-08
7.061712141306238489e-08
7.067295258257620973e-08
7.072878375209003458e-08
7.078317556822117902e-08
7.083756738435231022e-08
7.089195920048344143e-08
7.094635101661458587e-08
7.100074283274573031e-08
7.105513464887686151e-08
7.110952646500799272e-08
7.116391828113913715e-08
7.121831009727028159e-08
7.127270191340141280e-08
7.132227027793849101e-08
7.137183864247555599e-08
7.142140700701263421e-08
7.147097537154971242e-08
7.152054373608677740e-08
7.157011210062385562e-08
7.161968046516093383e-08
7.166924882969801205e-08
7.171881719423507703e-08
7.176838555877215525e-08
7.181835950378914438e-08
7.186833344880614674e-08
7.191830739382313588e-08
7.196828133884013824e-08
7.201825528385712738e-08
7.206822922887411651e-08
7.211820317389111887e-08
7.216817711890810801e-08
7.221815106392511037e-08
7.226812500894209951e-08
7.231908590271444928e-08
7.237004679648679905e-08
7.242100769025914882e-08
7.247196858403149859e-08
7.252292947780384837e-08
7.257389037157621137e-08
7.262485126534856115e-08
7.267581215912091092e-08
7.272677305289326069e-08
7.277773394666561046e-08
7.282720562896661462e-08
7.287667731126760555e-08
7.292614899356860971e-08
7.297562067586961387e-08
7.302509235817060480e-08
7.307456404047160896e-08
7.312403572277261312e-08
7.317350740507361729e-08
7.322297908737460821e-08
7.327245076967561237e-08
7.331856286035129193e-08
7.336467495102698471e-08
7.341078704170266426e-08
7.345689913237835705e-08
7.350301122305403660e-08
7.354912331372971615e-08
7.359523540440540893e-08
7.364134749508108848e-08
7.368745958575678127e-08
7.373357167643246082e-08
7.377811723162640196e-08
7.382266278682034311e-08
7.386720834201429749e-08
7.391175389720823863e-08
7.395629945240217978e-08
7.400084500759612092e-08
7.404539056279006207e-08
7.408993611798401645e-08
7.413448167317795759e-08
7.417902722837189873e-08
7.422200345993015413e-08
7.426497969148839630e-08
7.430795592304665170e-08
7.435093215460489386e-08
7.439390838616314926e-08
7.443688461772140466e-08
7.447986084927964682e-08
7.452283708083790222e-08
7.456581331239614438e-08
7.460878954395439978e-08
7.465083250428733579e-08
7.469287546462025855e-08
7.473491842495319456e-08
7.477696138528611733e-08
7.481900434561905333e-08
7.486104730595198933e-08
7.490309026628491210e-08
7.494513322661784810e-08
7.498717618695077087e-08
7.502921914728370687e-08
7.507107867802727180e-08
7.511293820877083673e-08
7.515479773951440166e-08
7.519665727025796659e-08
7.523851680100154475e-08
7.528037633174510968e-08
7.532223586248867461e-08
7.536409539323223954e-08
7.540595492397580447e-08
7.544781445471936940e-08
7.548721639202730477e-08
7.552661832933525337e-08
7.556602026664318874e-08
7.560542220395113734e-08
7.564482414125907271e-08
7.568422607856700808e-08
7.572362801587495668e-08
7.576302995318289205e-08
7.580243189049084065e-08
7.584183382779877602e-08
7.588026882146691996e-08
7.591870381513506391e-08
7.595713880880322109e-08
7.599557380247136503e-08
7.603400879613950897e-08
7.607244378980765292e-08
7.611087878347579686e-08
7.614931377714395404e-08
7.618774877081209798e-08
7.622618376448024193e-08
7.626453888212904932e-08
7.630289399977785670e-08
7.634124911742667733e-08
7.637960423507548471e-08
7.641795935272429210e-08
7.645631447037309949e-08
7.649466958802190688e-08
7.653302470567072750e-08
7.657137982331953489e-08
7.660973494096834228e-08
7.664952777355721278e-08
7.668932060614608328e-08
7.672911343873495379e-08
7.676890627132382429e-08
7.680869910391270803e-08
7.684849193650157853e-08
7.688828476909044904e-08
7.692807760167931954e-08
7.696787043426819005e-08
7.700766326685706055e-08
7.704757301020198477e-08
7.708748275354692222e-08
7.712739249689184643e-08
7.716730224023678388e-08
7.720721198358170810e-08
7.724712172692663232e-08
7.728703147027156977e-08
7.732694121361649398e-08
7.736685095696143143e-08
7.740676070030635565e-08
7.744590669640752067e-08
7.748505269250868569e-08
7.752419868860983747e-08
7.756334468471100249e-08
7.760249068081216751e-08
7.764163667691333253e-08
7.768078267301449755e-08
7.771992866911564934e-08
7.775907466521681436e-08
7.779822066131797938e-08
7.783744177652271764e-08
7.787666289172745591e-08
7.791588400693220741e-08
7.795510512213694567e-08
7.799432623734168393e-08
7.803354735254642220e-08
7.807276846775116046e-08
7.811198958295591196e-08
7.815121069816065022e-08
7.819043181336538849e-08
7.823249880537450563e-08
7.827456579738362278e-08
7.831663278939272669e-08
7.835869978140184383e-08
7.840076677341096098e-08
7.844283376542007812e-08
7.848490075742919527e-08
7.852696774943829917e-08
7.856903474144741632e-08
7.861110173345653346e-08
7.865573758138334948e-08
7.870037342931016550e-08
7.874500927723699475e-08
7.878964512516381077e-08
7.883428097309062678e-08
7.887891682101744280e-08
7.892355266894425882e-08
7.896818851687108807e-08
7.901282436479790409e-08
7.905746021272472011e-08
7.910260144655235406e-08
7.914774268037997478e-08
7.919288391420760873e-08
7.923802514803524268e-08
7.928316638186286340e-08
7.932830761569049735e-08
7.937344884951813130e-08
7.941859008334576525e-08
7.946373131717338597e-08
7.950887255100101992e-08
7.955493223311000992e-08
7.960099191521899991e-08
7.964705159732798991e-08
7.969311127943697990e-08
7.973917096154595666e-08
7.978523064365494665e-08
7.983129032576393665e-08
7.987735000787292664e-08
7.992340968998191663e-08
7.996946937209090663e-08
8.001646238082254720e-08
8.006345538955417453e-08
8.011044839828581510e-08
8.015744140701745567e-08
8.020443441574908300e-08
8.025142742448072357e-08
8.029842043321236414e-08
8.034541344194400471e-08
8.039240645067563204e-08
8.043939945940727261e-08
8.048987426048981010e-08
8.054034906157234758e-08
8.059082386265488506e-08
8.064129866373742255e-08
8.069177346481996003e-08
8.074224826590248428e-08
8.079272306698502177e-08
8.084319786806755925e-08
8.089367266915009673e-08
8.094414747023263422e-08
8.099619490023978020e-08
8.104824233024692618e-08
8.110028976025407216e-08
8.115233719026121814e-08
8.120438462026836412e-08
8.125643205027552334e-08
8.130847948028266932e-08
8.136052691028981530e-08
8.141257434029696128e-08
8.146462177030410726e-08
8.151580939406677470e-08
8.156699701782942890e-08
8.161818464159209634e-08
8.166937226535476378e-08
8.172055988911741798e-08
8.177174751288008542e-08
8.182293513664275285e-08
8.187412276040542029e-08
8.192531038416807449e-08
8.197649800793074193e-08
8.202754294593773332e-08
8.207858788394472471e-08
8.212963282195170286e-08
8.218067775995869425e-08
8.223172269796568564e-08
8.228276763597267703e-08
8.233381257397966841e-08
8.238485751198664657e-08
8.243590244999363796e-08
8.248694738800062934e-08
8.254198716548731974e-08
8.259702694297402337e-08
8.265206672046072700e-08
8.270710649794741739e-08
8.276214627543410779e-08
8.281718605292081142e-08
8.287222583040751505e-08
8.292726560789420544e-08
8.298230538538089584e-08
8.303734516286759947e-08
8.309494447613021561e-08
8.315254378939281852e-08
8.321014310265543466e-08
8.326774241591805080e-08
8.332534172918065371e-08
8.338294104244326985e-08
8.344054035570588599e-08
8.349813966896850213e-08
8.355573898223110504e-08
8.361333829549372118e-08
8.366944237340659500e-08
8.372554645131946883e-08
8.378165052923234265e-08
8.383775460714521647e-08
8.389385868505807706e-08
8.394996276297095088e-08
8.400606684088382471e-08
8.406217091879669853e-08
8.411827499670957235e-08
8.417437907462244618e-08
8.422966818915031258e-08
8.428495730367817899e-08
8.434024641820604540e-08
8.439553553273391181e-08
8.445082464726177822e-08
8.450611376178965787e-08
8.456140287631752427e-08
8.461669199084539068e-08
8.467198110537325709e-08
8.472727021990112350e-08
8.478233335690650546e-08
8.483739649391188742e-08
8.489245963091726937e-08
8.494752276792265133e-08
8.500258590492803329e-08
8.505764904193342848e-08
8.511271217893881044e-08
8.516777531594419239e-08
8.522283845294957435e-08
8.527790158995495631e-08
8.533501228440113895e-08
8.539212297884730835e-08
8.544923367329349099e-08
8.550634436773967364e-08
8.556345506218584304e-08
8.562056575663202568e-08
8.567767645107820832e-08
8.573478714552439097e-08
8.579189783997056037e-08
8.584900853441674301e-08
8.590464072005062998e-08
8.596027290568450371e-08
8.601590509131837744e-08
8.607153727695226441e-08
8.612716946258615138e-08
8.618280164822002511e-08
8.623843383385389884e-08
8.629406601948778581e-08
8.634969820512167278e-08
8.640533039075554651e-08
8.645756208485502448e-08
8.650979377895450246e-08
8.656202547305399366e-08
8.661425716715347164e-08
8.666648886125294961e-08
8.671872055535242759e-08
8.677095224945190556e-08
8.682318394355139677e-08
8.687541563765087474e-08
8.692764733175035272e-08
8.697839187810348087e-08
8.702913642445662227e-08
8.707988097080976366e-08
8.713062551716289182e-08
8.718137006351601998e-08
8.723211460986916137e-08
8.728285915622230276e-08
8.733360370257543092e-08
8.738434824892855908e-08
8.743509279528170047e-08
8.748635796943379204e-08
8.753762314358587037e-08
8.758888831773796194e-08
8.764015349189004027e-08
8.769141866604213183e-08
8.774268384019422340e-08
8.779394901434630173e-08
8.784521418849839330e-08
8.789647936265047163e-08
8.794774453680256320e-08
8.799750567614662692e-08
8.804726681549067740e-08
8.809702795483474112e-08
8.814678909417880483e-08
8.819655023352286855e-08
8.824631137286691903e-08
8.829607251221098275e-08
8.834583365155504647e-08
8.839559479089909695e-08
8.844535593024316067e-08
8.849199052705543788e-08
8.853862512386771509e-08
8.858525972067999230e-08
8.863189431749226951e-08
8.867852891430454672e-08
8.872516351111681070e-08
8.877179810792908791e-08
8.881843270474136512e-08
8.886506730155364233e-08
8.891170189836591954e-08
8.895674432717526868e-08
8.900178675598461783e-08
8.904682918479396697e-08
8.909187161360331612e-08
8.913691404241265203e-08
8.918195647122200117e-08
8.922699890003135031e-08
8.927204132884069946e-08
8.931708375765004860e-08
8.936212618645939775e-08
8.940382640340080615e-08
8.944552662034221456e-08
8.948722683728360973e-08
8.952892705422501813e-08
8.957062727116642653e-08
8.961232748810783494e-08
8.965402770504924334e-08
8.969572792199063851e-08
8.973742813893204692e-08
8.977912835587345532e-08
8.981923738886801313e-08
8.985934642186257093e-08
8.989945545485712874e-08
8.993956448785168654e-08
8.997967352084624435e-08
9.001978255384078892e-08
9.005989158683534673e-08
9.010000061982990453e-08
9.014010965282446234e-08
9.018021868581902014e-08
9.021975903025742886e-08
9.025929937469582434e-08
9.029883971913423305e-08
9.033838006357262853e-08
9.037792040801103725e-08
9.041746075244944596e-08
9.045700109688784144e-08
9.049654144132625016e-08
9.053608178576464564e-08
9.057562213020305435e-08
9.061420389465662214e-08
9.065278565911018992e-08
9.069136742356374447e-08
9.072994918801731226e-08
9.076853095247088004e-08
9.080711271692444783e-08
9.084569448137801561e-08
9.088427624583157016e-08
9.092285801028513795e-08
9.096143977473870573e-08
9.099811808473125660e-08
9.103479639472379423e-08
9.107147470471634510e-08
9.110815301470888273e-08
9.114483132470143360e-08
9.118150963469398447e-08
9.121818794468652210e-08
9.125486625467907296e-08
9.129154456467161060e-08
9.132822287466416146e-08
9.136352184727294171e-08
9.139882081988173518e-08
9.143411979249051543e-08
9.146941876509930890e-08
9.150471773770808915e-08
9.154001671031686939e-08
9.157531568292566287e-08
9.161061465553444311e-08
9.164591362814323659e-08
9.168121260075201683e-08
9.171768759994148935e-08
9.175416259913094863e-08
9.179063759832042115e-08
9.182711259750989367e-08
9.186358759669936619e-08
9.190006259588882548e-08
9.193653759507829799e-08
9.197301259426777051e-08
9.200948759345722980e-08
9.204596259264670232e-08
9.208444521123104364e-08
9.212292782981538497e-08
9.216141044839971306e-08
9.219989306698405439e-08
9.223837568556839572e-08
9.227685830415273705e-08
9.231534092273707837e-08
9.235382354132140647e-08
9.239230615990574779e-08
9.243078877849008912e-08
9.247022115205195753e-08
9.250965352561383917e-08
9.254908589917572082e-08
9.258851827273758923e-08
9.262795064629945763e-08
9.266738301986133928e-08
9.270681539342322092e-08
9.274624776698508933e-08
9.278568014054695774e-08
9.282511251410883938e-08
9.286407040494492495e-08
9.290302829578101052e-08
9.294198618661709609e-08
9.298094407745318166e-08
9.301990196828926724e-08
9.305885985912535281e-08
9.309781774996143838e-08
9.313677564079752395e-08
9.317573353163360952e-08
9.321469142246969509e-08
9.325576254357252306e-08
9.329683366467535104e-08
9.333790478577817901e-08
9.337897590688100698e-08
9.342004702798383496e-08
9.346111814908664970e-08
9.350218927018947767e-08
9.354326039129230564e-08
9.358433151239513361e-08
9.362540263349796159e-08
9.367034997450660130e-08
9.371529731551524102e-08
9.376024465652388073e-08
9.380519199753252045e-08
9.385013933854116016e-08
9.389508667954978664e-08
9.394003402055842635e-08
9.398498136156706607e-08
9.402992870257570578e-08
9.407487604358434550e-08
9.412255225246008034e-08
9.417022846133582841e-08
9.421790467021156325e-08
9.426558087908729809e-08
9.431325708796303293e-08
9.436093329683878101e-08
9.440860950571451585e-08
9.445628571459025069e-08
9.450396192346599877e-08
9.455163813234173361e-08
9.459953253313276403e-08
9.464742693392378122e-08
9.469532133471479841e-08
9.474321573550582883e-08
9.479111013629685926e-08
9.483900453708787645e-08
9.488689893787889364e-08
9.493479333866992406e-08
9.498268773946095449e-08
9.503058214025197168e-08
9.508022050207207506e-08
9.512985886389217845e-08
9.517949722571228183e-08
9.522913558753238522e-08
9.527877394935247537e-08
9.532841231117257875e-08
9.537805067299268213e-08
9.542768903481278552e-08
9.547732739663288890e-08
9.552696575845299229e-08
9.558155302069029675e-08
9.563614028292760122e-08
9.569072754516489246e-08
9.574531480740219692e-08
9.579990206963950139e-08
9.585448933187680586e-08
9.590907659411411033e-08
9.596366385635140156e-08
9.601825111858870603e-08
9.607283838082601050e-08
9.613133988867963941e-08
9.618984139653325509e-08
9.624834290438687077e-08
9.630684441224049968e-08
9.636534592009412859e-08
9.642384742794774427e-08
9.648234893580135995e-08
9.654085044365498886e-08
9.659935195150861778e-08
9.665785345936223346e-08
9.671800541311742152e-08
9.677815736687260958e-08
9.683830932062781088e-08
9.689846127438299894e-08
9.695861322813818701e-08
9.701876518189337507e-08
9.707891713564856313e-08
9.713906908940376443e-08
9.719922104315895249e-08
9.725937299691414055e-08
9.731944449526180080e-08
9.737951599360944780e-08
9.743958749195710804e-08
9.749965899030475505e-08
9.755973048865241529e-08
9.761980198700007554e-08
9.767987348534772254e-08
9.773994498369538278e-08
9.780001648204302979e-08
9.786008798039069003e-08
9.792298511350386543e-08
9.798588224661705406e-08
9.804877937973024269e-08
9.811167651284341809e-08
9.817457364595659349e-08
9.823747077906978212e-08
9.830036791218297075e-08
9.836326504529614615e-08
9.842616217840932155e-08
9.848905931152251018e-08
9.855685255905510531e-08
9.862464580658770043e-08
9.869243905412029556e-08
9.876023230165289069e-08
9.882802554918548581e-08
9.889581879671809417e-08
9.896361204425068930e-08
9.903140529178328443e-08
9.909919853931587955e-08
9.916699178684847468e-08
9.923720410635123605e-08
9.930741642585398418e-08
9.937762874535673231e-08
9.944784106485949368e-08
9.951805338436225505e-08
9.958826570386500318e-08
9.965847802336775132e-08
9.972869034287051269e-08
9.979890266237327405e-08
9.986911498187602219e-08
9.993811340448401809e-08
1.000071118270920140e-07
1.000761102497000099e-07
1.001451086723080058e-07
1.002141070949159884e-07
1.002831055175239843e-07
1.003521039401319802e-07
1.004211023627399761e-07
1.004901007853479720e-07
1.005590992079559679e-07
1.006281414499605260e-07
1.006971836919650709e-07
1.007662259339696290e-07
1.008352681759741739e-07
1.009043104179787320e-07
1.009733526599832902e-07
1.010423949019878350e-07
1.011114371439923932e-07
1.011804793859969380e-07
1.012495216280014962e-07
1.013233697827756666e-07
1.013972179375498371e-07
1.014710660923239943e-07
1.015449142470981647e-07
1.016187624018723352e-07
1.016926105566465056e-07
1.017664587114206761e-07
1.018403068661948333e-07
1.019141550209690037e-07
1.019880031757431742e-07
1.020660540724737863e-07
1.021441049692043984e-07
1.022221558659350237e-07
1.023002067626656358e-07
1.023782576593962479e-07
1.024563085561268599e-07
1.025343594528574720e-07
1.026124103495880974e-07
1.026904612463187094e-07
1.027685121430493215e-07
1.028463613080675828e-07
1.029242104730858573e-07
1.030020596381041318e-07
1.030799088031223930e-07
1.031577579681406543e-07
1.032356071331589287e-07
1.033134562981772032e-07
1.033913054631954645e-07
1.034691546282137257e-07
1.035470037932320002e-07
1.036212092502337976e-07
1.036954147072355949e-07
1.037696201642373923e-07
1.038438256212391897e-07
1.039180310782409870e-07
1.039922365352427976e-07
1.040664419922445950e-07
1.041406474492463924e-07
1.042148529062481897e-07
1.042890583632499871e-07
1.043613316516257553e-07
1.044336049400015234e-07
1.045058782283772916e-07
1.045781515167530598e-07
1.046504248051288280e-07
1.047226980935045962e-07
1.047949713818803643e-07
1.048672446702561325e-07
1.049395179586319007e-07
1.050117912470076689e-07
1.050855324794365451e-07
1.051592737118654345e-07
1.052330149442943106e-07
1.053067561767232001e-07
1.053804974091520762e-07
1.054542386415809524e-07
1.055279798740098418e-07
1.056017211064387180e-07
1.056754623388676074e-07
1.057492035712964836e-07
1.058225531548763221e-07
1.058959027384561738e-07
1.059692523220360123e-07
1.060426019056158640e-07
1.061159514891957025e-07
1.061893010727755410e-07
1.062626506563553927e-07
1.063360002399352312e-07
1.064093498235150830e-07
1.064826994070949215e-07
1.065527062362849826e-07
1.066227130654750437e-07
1.066927198946651181e-07
1.067627267238551792e-07
1.068327335530452404e-07
1.069027403822353015e-07
1.069727472114253626e-07
1.070427540406154370e-07
1.071127608698054981e-07
1.071827676989955593e-07
1.072495869332230011e-07
1.073164061674504429e-07
1.073832254016778980e-07
1.074500446359053398e-07
1.075168638701327816e-07
1.075836831043602235e-07
1.076505023385876653e-07
1.077173215728151204e-07
1.077841408070425622e-07
1.078509600412700040e-07
1.079152404818189103e-07
1.079795209223678167e-07
1.080438013629167230e-07
1.081080818034656293e-07
1.081723622440145356e-07
1.082366426845634551e-07
1.083009231251123614e-07
1.083652035656612677e-07
1.084294840062101740e-07
1.084937644467590803e-07
1.085565682251725836e-07
1.086193720035860737e-07
1.086821757819995769e-07
1.087449795604130670e-07
1.088077833388265702e-07
1.088705871172400735e-07
1.089333908956535636e-07
1.089961946740670668e-07
1.090589984524805569e-07
1.091218022308940601e-07
1.091845555768074093e-07
1.092473089227207453e-07
1.093100622686340944e-07
1.093728156145474304e-07
1.094355689604607796e-07
1.094983223063741288e-07
1.095610756522874647e-07
1.096238289982008139e-07
1.096865823441141498e-07
1.097493356900274990e-07
1.098100904818740766e-07
1.098708452737206410e-07
1.099316000655672185e-07
1.099923548574137829e-07
1.100531096492603605e-07
1.101138644411069381e-07
1.101746192329535024e-07
1.102353740248000800e-07
1.102961288166466444e-07
1.103568836084932220e-07
1.104143263230369553e-07
1.104717690375806886e-07
1.105292117521244220e-07
1.105866544666681553e-07
1.106440971812118886e-07
1.107015398957556220e-07
1.107589826102993553e-07
1.108164253248430886e-07
1.108738680393868220e-07
1.109313107539305553e-07
1.109892026158986799e-07
1.110470944778668045e-07
1.111049863398349291e-07
1.111628782018030537e-07
1.112207700637711782e-07
1.112786619257393161e-07
1.113365537877074407e-07
1.113944456496755652e-07
1.114523375116436898e-07
1.115102293736118144e-07
1.115697512784817973e-07
1.116292731833517669e-07
1.116887950882217497e-07
1.117483169930917326e-07
1.118078388979617154e-07
1.118673608028316850e-07
1.119268827077016679e-07
1.119864046125716507e-07
1.120459265174416203e-07
1.121054484223116032e-07
1.121648510226288568e-07
1.122242536229461103e-07
1.122836562232633507e-07
1.123430588235806042e-07
1.124024614238978578e-07
1.124618640242151114e-07
1.125212666245323649e-07
1.125806692248496053e-07
1.126400718251668588e-07
1.126994744254841124e-07
1.127579059591724820e-07
1.128163374928608648e-07
1.128747690265492343e-07
1.129332005602376039e-07
1.129916320939259735e-07
1.130500636276143563e-07
1.131084951613027259e-07
1.131669266949910954e-07
1.132253582286794782e-07
1.132837897623678478e-07
1.133442391329405563e-07
1.134046885035132647e-07
1.134651378740859599e-07
1.135255872446586683e-07
1.135860366152313768e-07
1.136464859858040852e-07
1.137069353563767937e-07
1.137673847269494889e-07
1.138278340975221973e-07
1.138882834680949058e-07
1.139538921312586156e-07
1.140195007944223254e-07
1.140851094575860219e-07
1.141507181207497317e-07
1.142163267839134415e-07
1.142819354470771513e-07
1.143475441102408611e-07
1.144131527734045577e-07
1.144787614365682675e-07
1.145443700997319773e-07
1.146127897392064050e-07
1.146812093786808328e-07
1.147496290181552605e-07
1.148180486576296883e-07
1.148864682971041028e-07
1.149548879365785305e-07
1.150233075760529583e-07
1.150917272155273860e-07
1.151601468550018138e-07
1.152285664944762415e-07
1.152973914548093173e-07
1.153662164151423931e-07
1.154350413754754557e-07
1.155038663358085315e-07
1.155726912961416073e-07
1.156415162564746831e-07
1.157103412168077589e-07
1.157791661771408214e-07
1.158479911374738972e-07
1.159168160978069730e-07
1.159874710448549138e-07
1.160581259919028413e-07
1.161287809389507821e-07
1.161994358859987096e-07
1.162700908330466503e-07
1.163407457800945911e-07
1.164114007271425186e-07
1.164820556741904594e-07
1.165527106212383869e-07
1.166233655682863276e-07
1.166985768172338803e-07
1.167737880661814462e-07
1.168489993151289988e-07
1.169242105640765647e-07
1.169994218130241173e-07
1.170746330619716700e-07
1.171498443109192359e-07
1.172250555598667885e-07
1.173002668088143544e-07
1.173754780577619071e-07
1.174540835437464849e-07
1.175326890297310495e-07
1.176112945157156273e-07
1.176899000017002051e-07
1.177685054876847830e-07
1.178471109736693476e-07
1.179257164596539254e-07
1.180043219456385032e-07
1.180829274316230678e-07
1.181615329176076457e-07
1.182422038010422506e-07
1.183228746844768423e-07
1.184035455679114473e-07
1.184842164513460522e-07
1.185648873347806572e-07
1.186455582182152489e-07
1.187262291016498538e-07
1.188068999850844588e-07
1.188875708685190505e-07
1.189682417519536554e-07
1.190498642861965976e-07
1.191314868204395530e-07
1.192131093546824952e-07
1.192947318889254374e-07
1.193763544231683795e-07
1.194579769574113217e-07
1.195395994916542903e-07
1.196212220258972325e-07
1.197028445601401747e-07
1.197844670943831169e-07
1.198682849563143816e-07
1.199521028182456198e-07
1.200359206801768845e-07
1.201197385421081492e-07
1.202035564040393874e-07
1.202873742659706521e-07
1.203711921279019168e-07
1.204550099898331815e-07
1.205388278517644197e-07
1.206226457136956844e-07
1.207116569823868257e-07
1.208006682510779671e-07
1.208896795197690819e-07
1.209786907884602232e-07
1.210677020571513646e-07
1.211567133258425059e-07
1.212457245945336472e-07
1.213347358632247620e-07
1.214237471319159034e-07
1.215127584006070447e-07
1.216059326771154930e-07
1.216991069536239678e-07
1.217922812301324162e-07
1.218854555066408910e-07
1.219786297831493393e-07
1.220718040596577877e-07
1.221649783361662625e-07
1.222581526126747108e-07
1.223513268891831856e-07
1.224445011656916340e-07
1.225391665815375403e-07
1.226338319973834201e-07
1.227284974132293000e-07
1.228231628290752063e-07
1.229178282449211126e-07
1.230124936607669925e-07
1.231071590766128723e-07
1.232018244924587786e-07
1.232964899083046850e-07
1.233911553241505648e-07
1.234851990506163373e-07
1.235792427770821363e-07
1.236732865035479087e-07
1.237673302300137077e-07
1.238613739564794802e-07
1.239554176829452527e-07
1.240494614094110516e-07
1.241435051358768241e-07
1.242375488623426231e-07
1.243315925888083956e-07
1.244271529609539042e-07
1.245227133330994128e-07
1.246182737052449215e-07
1.247138340773904301e-07
1.248093944495359387e-07
1.249049548216814474e-07
1.250005151938269560e-07
1.250960755659724646e-07
1.251916359381179732e-07
1.252871963102634819e-07
1.253838431663176911e-07
1.254804900223719004e-07
1.255771368784261096e-07
1.256737837344803189e-07
1.257704305905345281e-07
1.258670774465887374e-07
1.259637243026429466e-07
1.260603711586971559e-07
1.261570180147513651e-07
1.262536648708055743e-07
1.263477597131995050e-07
1.264418545555934622e-07
1.265359493979873928e-07
1.266300442403813500e-07
1.267241390827752807e-07
1.268182339251692113e-07
1.269123287675631685e-07
1.270064236099570992e-07
1.271005184523510563e-07
1.271946132947449870e-07
1.272841916944633294e-07
1.273737700941816719e-07
1.274633484938999878e-07
1.275529268936183303e-07
1.276425052933366727e-07
1.277320836930550152e-07
1.278216620927733576e-07
1.279112404924916736e-07
1.280008188922100160e-07
1.280903972919283584e-07
1.281775784990961143e-07
1.282647597062638436e-07
1.283519409134315995e-07
1.284391221205993288e-07
1.285263033277670847e-07
1.286134845349348405e-07
1.287006657421025698e-07
1.287878469492703257e-07
1.288750281564380550e-07
1.289622093636058109e-07
1.290479655174765785e-07
1.291337216713473461e-07
1.292194778252181137e-07
1.293052339790888813e-07
1.293909901329596490e-07
1.294767462868304166e-07
1.295625024407011842e-07
1.296482585945719518e-07
1.297340147484427194e-07
1.298197709023134871e-07
1.299027774119147497e-07
1.299857839215160123e-07
1.300687904311172749e-07
1.301517969407185376e-07
1.302348034503198002e-07
1.303178099599210893e-07
1.304008164695223519e-07
1.304838229791236145e-07
1.305668294887248771e-07
1.306498359983261397e-07
1.307306198832393462e-07
1.308114037681525791e-07
1.308921876530658121e-07
1.309729715379790185e-07
1.310537554228922250e-07
1.311345393078054579e-07
1.312153231927186909e-07
1.312961070776318973e-07
1.313768909625451038e-07
1.314576748474583367e-07
1.315340679755973252e-07
1.316104611037363136e-07
1.316868542318753021e-07
1.317632473600142905e-07
1.318396404881532790e-07
1.319160336162922674e-07
1.319924267444312559e-07
1.320688198725702443e-07
1.321452130007092328e-07
1.322216061288482212e-07
1.322924663443166703e-07
1.323633265597851193e-07
1.324341867752535419e-07
1.325050469907219910e-07
1.325759072061904400e-07
1.326467674216588891e-07
1.327176276371273381e-07
1.327884878525957607e-07
1.328593480680642098e-07
1.329302082835326588e-07
1.329986866159355035e-07
1.330671649483383746e-07
1.331356432807412193e-07
1.332041216131440904e-07
1.332725999455469351e-07
1.333410782779497797e-07
1.334095566103526509e-07
1.334780349427554955e-07
1.335465132751583667e-07
1.336149916075612113e-07
1.336849728845317046e-07
1.337549541615022244e-07
1.338249354384727177e-07
1.338949167154432375e-07
1.339648979924137308e-07
1.340348792693842241e-07
1.341048605463547439e-07
1.341748418233252372e-07
1.342448231002957570e-07
1.343148043772662503e-07
1.343843975909727747e-07
1.344539908046792990e-07
1.345235840183857969e-07
1.345931772320923213e-07
1.346627704457988456e-07
1.347323636595053700e-07
1.348019568732118943e-07
1.348715500869183922e-07
1.349411433006249166e-07
1.350107365143314409e-07
1.350787735617700501e-07
1.351468106092086328e-07
1.352148476566472420e-07
1.352828847040858247e-07
1.353509217515244338e-07
1.354189587989630430e-07
1.354869958464016257e-07
1.355550328938402349e-07
1.356230699412788176e-07
1.356911069887174268e-07
1.357619635095901285e-07
1.358328200304628037e-07
1.359036765513355054e-07
1.359745330722082071e-07
1.360453895930808824e-07
1.361162461139535841e-07
1.361871026348262858e-07
1.362579591556989875e-07
1.363288156765716628e-07
1.363996721974443645e-07
1.364787787923623201e-07
1.365578853872802758e-07
1.366369919821982315e-07
1.367160985771161871e-07
1.367952051720341692e-07
1.368743117669521249e-07
1.369534183618700805e-07
1.370325249567880362e-07
1.371116315517059919e-07
1.371907381466239475e-07
1.372766321657391030e-07
1.373625261848542321e-07
1.374484202039693876e-07
1.375343142230845431e-07
1.376202082421996986e-07
1.377061022613148276e-07
1.377919962804299831e-07
1.378778902995451387e-07
1.379637843186602677e-07
1.380496783377754232e-07
1.381379490458166634e-07
1.382262197538578772e-07
1.383144904618991175e-07
1.384027611699403312e-07
1.384910318779815715e-07
1.385793025860228117e-07
1.386675732940640255e-07
1.387558440021052657e-07
1.388441147101464795e-07
1.389323854181877198e-07
1.390270885853634195e-07
1.391217917525391456e-07
1.392164949197148453e-07
1.393111980868905450e-07
1.394059012540662712e-07
1.395006044212419709e-07
1.395953075884176706e-07
1.396900107555933703e-07
1.397847139227690964e-07
1.398794170899447961e-07
1.399850377975811465e-07
1.400906585052174704e-07
1.401962792128538208e-07
1.403018999204901447e-07
1.404075206281264951e-07
1.405131413357628454e-07
1.406187620433991693e-07
1.407243827510355197e-07
1.408300034586718436e-07
1.409356241663081940e-07
1.410510675149961263e-07
1.411665108636840851e-07
1.412819542123720174e-07
1.413973975610599762e-07
1.415128409097479085e-07
1.416282842584358408e-07
1.417437276071237996e-07
1.418591709558117319e-07
1.419746143044996907e-07
1.420900576531876230e-07
1.422106335463649649e-07
1.423312094395423068e-07
1.424517853327196222e-07
1.425723612258969641e-07
1.426929371190743059e-07
1.428135130122516478e-07
1.429340889054289897e-07
1.430546647986063051e-07
1.431752406917836470e-07
1.432958165849609888e-07
1.434215186990377598e-07
1.435472208131145308e-07
1.436729229271913018e-07
1.437986250412680728e-07
1.439243271553448439e-07
1.440500292694216149e-07
1.441757313834983859e-07
1.443014334975751569e-07
1.444271356116519279e-07
1.445528377257286989e-07
1.446859817636574957e-07
1.448191258015862926e-07
1.449522698395150894e-07
1.450854138774438862e-07
1.452185579153726566e-07
1.453517019533014535e-07
1.454848459912302503e-07
1.456179900291590472e-07
1.457511340670878440e-07
1.458842781050166408e-07
1.460320730475622702e-07
1.461798679901078731e-07
1.463276629326535025e-07
1.464754578751991318e-07
1.466232528177447347e-07
1.467710477602903641e-07
1.469188427028359934e-07
1.470666376453816228e-07
1.472144325879272257e-07
1.473622275304728550e-07
1.475206227413487191e-07
1.476790179522245832e-07
1.478374131631004472e-07
1.479958083739763113e-07
1.481542035848521754e-07
1.483125987957280659e-07
1.484709940066039300e-07
1.486293892174797941e-07
1.487877844283556581e-07
1.489461796392315222e-07
1.491038039249861402e-07
1.492614282107407316e-07
1.494190524964953495e-07
1.495766767822499675e-07
1.497343010680045589e-07
1.498919253537591769e-07
1.500495496395137948e-07
1.502071739252684127e-07
1.503647982110230042e-07
1.505224224967776221e-07
1.506850807768496250e-07
1.508477390569216014e-07
1.510103973369936043e-07
1.511730556170655808e-07
1.513357138971375836e-07
1.514983721772095865e-07
1.516610304572815630e-07
1.518236887373535659e-07
1.519863470174255423e-07
1.521490052974975452e-07
1.523275328255943669e-07
1.525060603536911622e-07
1.526845878817879575e-07
1.528631154098847793e-07
1.530416429379816011e-07
1.532201704660783964e-07
1.533986979941751917e-07
1.535772255222720135e-07
1.537557530503688352e-07
1.539342805784656305e-07
1.541315937053467279e-07
1.543289068322278254e-07
1.545262199591089492e-07
1.547235330859900466e-07
1.549208462128711440e-07
1.551181593397522414e-07
1.553154724666333388e-07
1.555127855935144627e-07
1.557100987203955601e-07
1.559074118472766575e-07
1.561106858424394971e-07
1.563139598376023367e-07
1.565172338327652027e-07
1.567205078279280423e-07
1.569237818230908819e-07
1.571270558182537215e-07
1.573303298134165610e-07
1.575336038085794271e-07
1.577368778037422666e-07
1.579401517989051062e-07
1.581445214691522800e-07
1.583488911393994802e-07
1.585532608096466539e-07
1.587576304798938541e-07
1.589620001501410278e-07
1.591663698203882016e-07
1.593707394906354018e-07
1.595751091608825755e-07
1.597794788311297757e-07
1.599838485013769494e-07
1.601930172648332875e-07
1.604021860282896256e-07
1.606113547917459637e-07
1.608205235552023017e-07
1.610296923186586398e-07
1.612388610821149779e-07
1.614480298455713160e-07
1.616571986090276540e-07
1.618663673724839921e-07
1.620755361359403302e-07
1.623016809923326319e-07
1.625278258487249072e-07
1.627539707051171825e-07
1.629801155615094842e-07
1.632062604179017860e-07
1.634324052742940612e-07
1.636585501306863365e-07
1.638846949870786383e-07
1.641108398434709400e-07
1.643369846998632153e-07
1.645722351054042820e-07
1.648074855109453752e-07
1.650427359164864419e-07
1.652779863220275351e-07
1.655132367275686019e-07
1.657484871331096686e-07
1.659837375386507618e-07
1.662189879441918285e-07
1.664542383497329217e-07
1.666894887552739885e-07
1.669157086718707260e-07
1.671419285884674636e-07
1.673681485050641747e-07
1.675943684216609122e-07
1.678205883382576498e-07
1.680468082548543873e-07
1.682730281714511249e-07
1.684992480880478360e-07
1.687254680046445735e-07
1.689516879212413111e-07
1.691750936903961977e-07
1.693984994595510579e-07
1.696219052287059181e-07
1.698453109978608048e-07
1.700687167670156914e-07
1.702921225361705516e-07
1.705155283053254118e-07
1.707389340744802985e-07
1.709623398436351852e-07
1.711857456127900454e-07
1.714085477403389246e-07
1.716313498678877774e-07
1.718541519954366566e-07
1.720769541229855359e-07
1.722997562505343887e-07
1.725225583780832679e-07
1.727453605056321472e-07
1.729681626331810264e-07
1.731909647607298792e-07
1.734137668882787585e-07
1.736330099896768260e-07
1.738522530910748935e-07
1.740714961924729610e-07
1.742907392938710284e-07
1.745099823952690695e-07
1.747292254966671370e-07
1.749484685980652045e-07
1.751677116994632720e-07
1.753869548008613395e-07
1.756061979022594070e-07
1.758162684254232079e-07
1.760263389485870353e-07
1.762364094717508363e-07
1.764464799949146637e-07
1.766565505180784646e-07
1.768666210412422656e-07
1.770766915644060930e-07
1.772867620875698939e-07
1.774968326107337213e-07
1.777069031338975223e-07
1.779109530398673517e-07
1.781150029458372075e-07
1.783190528518070369e-07
1.785231027577768663e-07
1.787271526637467221e-07
1.789312025697165515e-07
1.791352524756863809e-07
1.793393023816562103e-07
1.795433522876260661e-07
1.797474021935958955e-07
1.799445281530688552e-07
1.801416541125417885e-07
1.803387800720147482e-07
1.805359060314877079e-07
1.807330319909606676e-07
1.809301579504336009e-07
1.811272839099065606e-07
1.813244098693795203e-07
1.815215358288524536e-07
1.817186617883254133e-07
1.819150536283677441e-07
1.821114454684100750e-07
1.823078373084524059e-07
1.825042291484947368e-07
1.827006209885370941e-07
1.828970128285794250e-07
1.830934046686217559e-07
1.832897965086640867e-07
1.834861883487064176e-07
1.836825801887487485e-07
1.838775066147347787e-07
1.840724330407207825e-07
1.842673594667068128e-07
1.844622858926928431e-07
1.846572123186788469e-07
1.848521387446648772e-07
1.850470651706509075e-07
1.852419915966369377e-07
1.854369180226229415e-07
1.856318444486089718e-07
1.858180307705781186e-07
1.860042170925472918e-07
1.861904034145164386e-07
1.863765897364855854e-07
1.865627760584547586e-07
1.867489623804239054e-07
1.869351487023930521e-07
1.871213350243621989e-07
1.873075213463313722e-07
1.874937076683005189e-07
1.876778606107568817e-07
1.878620135532132445e-07
1.880461664956696337e-07
1.882303194381259965e-07
1.884144723805823592e-07
1.885986253230387220e-07
1.887827782654950848e-07
1.889669312079514740e-07
1.891510841504078368e-07
1.893352370928641995e-07
1.895175894491151937e-07
1.896999418053661615e-07
1.898822941616171556e-07
1.900646465178681498e-07
1.902469988741191176e-07
1.904293512303701117e-07
1.906117035866211059e-07
1.907940559428721001e-07
1.909764082991230678e-07
1.911587606553740620e-07
1.913453234101651474e-07
1.915318861649562328e-07
1.917184489197473182e-07
1.919050116745384036e-07
1.920915744293294626e-07
1.922781371841205480e-07
1.924646999389116334e-07
1.926512626937027187e-07
1.928378254484938041e-07
1.930243882032848895e-07
1.932121729807257012e-07
1.933999577581665129e-07
1.935877425356073246e-07
1.937755273130481363e-07
1.939633120904889215e-07
1.941510968679297332e-07
1.943388816453705449e-07
1.945266664228113566e-07
1.947144512002521683e-07
1.949022359776929800e-07
1.950915004968407247e-07
1.952807650159884430e-07
1.954700295351361878e-07
1.956592940542839325e-07
1.958485585734316773e-07
1.960378230925793955e-07
1.962270876117271403e-07
1.964163521308748850e-07
1.966056166500226033e-07
1.967948811691703481e-07
1.969855937966746089e-07
1.971763064241788697e-07
1.973670190516831041e-07
1.975577316791873649e-07
1.977484443066916258e-07
1.979391569341958866e-07
1.981298695617001474e-07
1.983205821892043818e-07
1.985112948167086426e-07
1.987020074442129035e-07
1.989021981830746243e-07
1.991023889219363715e-07
1.993025796607980923e-07
1.995027703996598131e-07
1.997029611385215604e-07
1.999031518773832811e-07
2.001033426162450019e-07
2.003035333551067227e-07
2.005037240939684700e-07
2.007039148328301908e-07
2.009140869806532575e-07
2.011242591284762978e-07
2.013344312762993382e-07
2.015446034241224049e-07
2.017547755719454717e-07
2.019649477197685120e-07
2.021751198675915523e-07
2.023852920154146191e-07
2.025954641632376859e-07
2.028056363110607262e-07
2.030177912159723925e-07
2.032299461208840325e-07
2.034421010257956988e-07
2.036542559307073388e-07
2.038664108356190051e-07
2.040785657405306715e-07
2.042907206454423114e-07
2.045028755503539778e-07
2.047150304552656177e-07
2.049271853601772841e-07
2.051412887237774074e-07
2.053553920873775307e-07
2.055694954509776275e-07
2.057835988145777508e-07
2.059977021781778741e-07
2.062118055417779973e-07
2.064259089053781206e-07
2.066400122689782174e-07
2.068541156325783407e-07
2.070682189961784640e-07
2.072807098600803432e-07
2.074932007239822225e-07
2.077056915878840753e-07
2.079181824517859545e-07
2.081306733156878338e-07
2.083431641795897131e-07
2.085556550434915923e-07
2.087681459073934451e-07
2.089806367712953244e-07
2.091931276351972036e-07
2.094145136556387388e-07
2.096358996760802740e-07
2.098572856965218092e-07
2.100786717169633444e-07
2.103000577374048797e-07
2.105214437578463884e-07
2.107428297782879236e-07
2.109642157987294588e-07
2.111856018191709940e-07
2.114069878396125292e-07
2.116322061120832426e-07
2.118574243845539559e-07
2.120826426570246692e-07
2.123078609294953826e-07
2.125330792019660695e-07
2.127582974744367828e-07
2.129835157469074961e-07
2.132087340193782095e-07
2.134339522918489228e-07
2.136591705643196362e-07
2.138880683990911381e-07
2.141169662338626401e-07
2.143458640686341421e-07
2.145747619034056441e-07
2.148036597381771725e-07
2.150325575729486745e-07
2.152614554077201765e-07
2.154903532424916785e-07
2.157192510772631805e-07
2.159481489120346825e-07
2.161743718341619472e-07
2.164005947562892385e-07
2.166268176784165033e-07
2.168530406005437680e-07
2.170792635226710593e-07
2.173054864447983241e-07
2.175317093669255888e-07
2.177579322890528536e-07
2.179841552111801449e-07
2.182103781333074096e-07
2.184353936945029662e-07
2.186604092556984964e-07
2.188854248168940529e-07
2.191104403780895831e-07
2.193354559392851397e-07
2.195604715004806962e-07
2.197854870616762264e-07
2.200105026228717830e-07
2.202355181840673131e-07
2.204605337452628697e-07
2.206886278501259363e-07
2.209167219549890294e-07
2.211448160598520960e-07
2.213729101647151891e-07
2.216010042695782558e-07
2.218290983744413224e-07
2.220571924793044155e-07
2.222852865841674821e-07
2.225133806890305752e-07
2.227414747938936419e-07
2.229678938319247357e-07
2.231943128699558030e-07
2.234207319079868969e-07
2.236471509460179907e-07
2.238735699840490845e-07
2.240999890220801519e-07
2.243264080601112457e-07
2.245528270981423395e-07
2.247792461361734069e-07
2.250056651742045007e-07
2.252231216268843131e-07
2.254405780795641255e-07
2.256580345322439378e-07
2.258754909849237502e-07
2.260929474376035626e-07
2.263104038902833750e-07
2.265278603429631873e-07
2.267453167956429997e-07
2.269627732483228121e-07
2.271802297010026245e-07
2.273765669655743338e-07
2.275729042301460431e-07
2.277692414947177525e-07
2.279655787592894618e-07
2.281619160238611447e-07
2.283582532884328540e-07
2.285545905530045633e-07
2.287509278175762727e-07
2.289472650821479820e-07
2.291436023467196913e-07
2.293332233278253562e-07
2.295228443089310475e-07
2.297124652900367388e-07
2.299020862711424037e-07
2.300917072522480686e-07
2.302813282333537599e-07
2.304709492144594512e-07
2.306605701955651161e-07
2.308501911766707809e-07
2.310398121577764722e-07
2.312207457297430289e-07
2.314016793017096120e-07
2.315826128736761687e-07
2.317635464456427518e-07
2.319444800176093085e-07
2.321254135895758651e-07
2.323063471615424483e-07
2.324872807335090049e-07
2.326682143054755880e-07
2.328491478774421447e-07
2.330107967235745292e-07
2.331724455697068872e-07
2.333340944158392717e-07
2.334957432619716562e-07
2.336573921081040142e-07
2.338190409542363987e-07
2.339806898003687832e-07
2.341423386465011677e-07
2.343039874926335257e-07
2.344656363387659102e-07
2.346043648117930128e-07
2.347430932848201419e-07
2.348818217578472445e-07
2.350205502308743471e-07
2.351592787039014497e-07
2.352980071769285788e-07
2.354367356499556814e-07
2.355754641229827840e-07
2.357141925960099131e-07
2.358529210690370157e-07
2.359814225727166383e-07
2.361099240763962873e-07
2.362384255800759099e-07
2.363669270837555589e-07
2.364954285874351815e-07
2.366239300911148041e-07
2.367524315947944531e-07
2.368809330984740757e-07
2.370094346021537247e-07
2.371379361058333473e-07
2.372619712694031414e-07
2.373860064329729621e-07
2.375100415965427562e-07
2.376340767601125504e-07
2.377581119236823446e-07
2.378821470872521652e-07
2.380061822508219593e-07
2.381302174143917535e-07
2.382542525779615741e-07
2.383782877415313683e-07
2.384933210724724996e-07
2.386083544034136308e-07
2.387233877343547092e-07
2.388384210652958404e-07
2.389534543962369717e-07
2.390684877271781030e-07
2.391835210581192342e-07
2.392985543890603126e-07
2.394135877200014438e-07
2.395286210509425751e-07
2.396386147744556128e-07
2.397486084979686505e-07
2.398586022214816882e-07
2.399685959449947259e-07
2.400785896685077636e-07
2.401885833920208012e-07
2.402985771155338389e-07
2.404085708390468766e-07
2.405185645625599143e-07
2.406285582860729520e-07
2.407359841871871484e-07
2.408434100883013978e-07
2.409508359894156471e-07
2.410582618905298435e-07
2.411656877916440399e-07
2.412731136927582893e-07
2.413805395938725386e-07
2.414879654949867351e-07
2.415953913961009315e-07
2.417028172972151808e-07
2.418197309584006315e-07
2.419366446195860821e-07
2.420535582807714799e-07
2.421704719419569305e-07
2.422873856031423812e-07
2.424042992643278318e-07
2.425212129255132825e-07
2.426381265866986802e-07
2.427550402478841309e-07
2.428719539090695816e-07
2.430008086250657515e-07
2.431296633410618685e-07
2.432585180570580384e-07
2.433873727730541554e-07
2.435162274890503253e-07
2.436450822050464952e-07
2.437739369210426122e-07
2.439027916370387822e-07
2.440316463530348992e-07
2.441605010690310691e-07
2.443044707743825072e-07
2.444484404797339453e-07
2.445924101850853835e-07
2.447363798904368216e-07
2.448803495957882597e-07
2.450243193011396978e-07
2.451682890064911360e-07
2.453122587118425741e-07
2.454562284171940122e-07
2.456001981225454503e-07
2.457558737088895064e-07
2.459115492952335096e-07
2.460672248815775657e-07
2.462229004679216218e-07
2.463785760542656779e-07
2.465342516406096811e-07
2.466899272269537372e-07
2.468456028132977933e-07
2.470012783996417965e-07
2.471569539859858526e-07
2.473373581556645798e-07
2.475177623253433071e-07
2.476981664950220344e-07
2.478785706647007617e-07
2.480589748343794889e-07
2.482393790040582691e-07
2.484197831737369964e-07
2.486001873434157237e-07
2.487805915130944510e-07
2.489609956827731782e-07
2.491732979238787368e-07
2.493856001649842954e-07
2.495979024060898010e-07
2.498102046471953595e-07
2.500225068883009181e-07
2.502348091294064767e-07
2.504471113705120352e-07
2.506594136116175408e-07
2.508717158527230994e-07
2.510840180938286580e-07
2.513247910239062527e-07
2.515655639539839003e-07
2.518063368840614951e-07
2.520471098141390898e-07
2.522878827442166845e-07
2.525286556742943322e-07
2.527694286043719269e-07
2.530102015344495216e-07
2.532509744645271693e-07
2.534917473946047640e-07
2.537547169968275611e-07
2.540176865990503582e-07
2.542806562012731024e-07
2.545436258034958995e-07
2.548065954057186966e-07
2.550695650079414937e-07
2.553325346101642908e-07
2.555955042123870350e-07
2.558584738146098321e-07
2.561214434168326292e-07
2.564056891553879659e-07
2.566899348939432496e-07
2.569741806324985333e-07
2.572584263710538700e-07
2.575426721096092067e-07
2.578269178481644905e-07
2.581111635867197742e-07
2.583954093252751109e-07
2.586796550638304476e-07
2.589639008023857313e-07
2.592837440390771821e-07
2.596035872757686329e-07
2.599234305124600837e-07
2.602432737491515345e-07
2.605631169858430383e-07
2.608829602225344891e-07
2.612028034592259399e-07
2.615226466959173907e-07
2.618424899326088415e-07
2.621623331693002923e-07
2.624950087301757242e-07
2.628276842910512091e-07
2.631603598519266410e-07
2.634930354128020729e-07
2.638257109736775049e-07
2.641583865345529897e-07
2.644910620954284216e-07
2.648237376563038536e-07
2.651564132171793384e-07
2.654890887780547703e-07
2.658319723469996981e-07
2.661748559159446788e-07
2.665177394848896066e-07
2.668606230538345873e-07
2.672035066227795150e-07
2.675463901917244428e-07
2.678892737606694235e-07
2.682321573296143512e-07
2.685750408985593319e-07
2.689179244675042597e-07
2.692614478878276670e-07
2.696049713081510744e-07
2.699484947284744818e-07
2.702920181487978891e-07
2.706355415691212965e-07
2.709790649894447038e-07
2.713225884097681112e-07
2.716661118300915185e-07
2.720096352504149259e-07
2.723531586707383332e-07
2.726945177755523820e-07
2.730358768803664837e-07
2.733772359851805325e-07
2.737185950899945812e-07
2.740599541948086300e-07
2.744013132996227317e-07
2.747426724044367804e-07
2.750840315092508292e-07
2.754253906140649309e-07
2.757667497188789796e-07
2.760946976401795848e-07
2.764226455614801900e-07
2.767505934827807951e-07
2.770785414040814003e-07
2.774064893253820054e-07
2.777344372466825577e-07
2.780623851679831628e-07
2.783903330892837680e-07
2.787182810105843731e-07
2.790462289318849783e-07
2.793617750265054756e-07
2.796773211211259199e-07
2.799928672157464172e-07
2.803084133103668615e-07
2.806239594049873588e-07
2.809395054996078561e-07
2.812550515942283004e-07
2.815705976888487977e-07
2.818861437834692420e-07
2.822016898780897393e-07
2.825156086250370145e-07
2.828295273719842367e-07
2.831434461189315119e-07
2.834573648658787341e-07
2.837712836128260093e-07
2.840852023597732844e-07
2.843991211067205067e-07
2.847130398536677818e-07
2.850269586006150040e-07
2.853408773475622792e-07
2.856525519109471511e-07
2.859642264743319701e-07
2.862759010377168421e-07
2.865875756011016611e-07
2.868992501644865330e-07
2.872109247278714050e-07
2.875225992912562240e-07
2.878342738546410959e-07
2.881459484180259149e-07
2.884576229814107868e-07
2.887629749383084116e-07
2.890683268952059835e-07
2.893736788521035554e-07
2.896790308090011802e-07
2.899843827658988050e-07
2.902897347227963769e-07
2.905950866796939488e-07
2.909004386365915736e-07
2.912057905934891984e-07
2.915111425503867703e-07
2.917917462977524378e-07
2.920723500451180525e-07
2.923529537924837200e-07
2.926335575398493876e-07
2.929141612872150022e-07
2.931947650345806698e-07
2.934753687819463373e-07
2.937559725293120049e-07
2.940365762766776195e-07
2.943171800240432871e-07
2.945882240032650035e-07
2.948592679824866669e-07
2.951303119617083833e-07
2.954013559409300468e-07
2.956723999201517631e-07
2.959434438993734795e-07
2.962144878785951430e-07
2.964855318578168594e-07
2.967565758370385228e-07
2.970276198162602392e-07
2.972732433190158211e-07
2.975188668217714560e-07
2.977644903245270908e-07
2.980101138272826727e-07
2.982557373300382547e-07
2.985013608327938895e-07
2.987469843355495244e-07
2.989926078383051063e-07
2.992382313410606882e-07
2.994838548438163231e-07
2.996888663450374629e-07
2.998938778462585498e-07
3.000988893474796896e-07
3.003039008487007765e-07
3.005089123499219163e-07
3.007139238511430561e-07
3.009189353523641430e-07
3.011239468535852828e-07
3.013289583548063696e-07
3.015339698560275095e-07
3.016914434994456091e-07
3.018489171428637617e-07
3.020063907862818614e-07
3.021638644297000140e-07
3.023213380731181137e-07
3.024788117165362134e-07
3.026362853599543660e-07
3.027937590033724656e-07
3.029512326467906183e-07
3.031087062902087179e-07
3.032232983561688150e-07
3.033378904221289121e-07
3.034524824880890091e-07
3.035670745540491062e-07
3.036816666200092033e-07
3.037962586859693004e-07
3.039108507519293974e-07
3.040254428178894945e-07
3.041400348838495916e-07
3.042546269498096886e-07
3.043154048181206608e-07
3.043761826864316329e-07
3.044369605547425521e-07
3.044977384230535243e-07
3.045585162913644964e-07
3.046192941596754686e-07
3.046800720279864407e-07
3.047408498962973599e-07
3.048016277646083321e-07
3.048624056329193042e-07
3.048453680091258925e-07
3.048283303853324807e-07
3.048112927615390690e-07
3.047942551377456573e-07
3.047772175139522455e-07
3.047601798901588867e-07
3.047431422663654750e-07
3.047261046425720632e-07
3.047090670187786515e-07
3.046920293949852397e-07
3.046181687435764579e-07
3.045443080921677290e-07
3.044704474407589472e-07
3.043965867893502183e-07
3.043227261379414364e-07
3.042488654865326546e-07
3.041750048351239257e-07
3.041011441837151438e-07
3.040272835323064149e-07
3.039534228808976331e-07
3.038397247301811566e-07
3.037260265794647330e-07
3.036123284287482565e-07
3.034986302780317800e-07
3.033849321273153035e-07
3.032712339765988799e-07
3.031575358258824034e-07
3.030438376751659269e-07
3.029301395244495033e-07
3.028164413737330268e-07
3.026662536421774034e-07
3.025160659106217799e-07
3.023658781790661564e-07
3.022156904475105330e-07
3.020655027159549625e-07
3.019153149843993390e-07
3.017651272528437155e-07
3.016149395212880921e-07
3.014647517897324686e-07
3.013145640581768451e-07
3.011445131103337387e-07
3.009744621624906323e-07
3.008044112146475788e-07
3.006343602668044724e-07
3.004643093189613659e-07
3.002942583711182595e-07
3.001242074232751531e-07
2.999541564754320996e-07
2.997841055275889931e-07
2.996140545797458867e-07
2.994314862918512031e-07
2.992489180039565194e-07
2.990663497160618887e-07
2.988837814281672051e-07
2.987012131402725215e-07
2.985186448523778378e-07
2.983360765644831542e-07
2.981535082765885235e-07
2.979709399886938398e-07
2.977883717007991562e-07
2.975965998687316177e-07
2.974048280366640792e-07
2.972130562045964878e-07
2.970212843725289493e-07
2.968295125404614108e-07
2.966377407083938723e-07
2.964459688763263338e-07
2.962541970442587424e-07
2.960624252121912039e-07
2.958706533801236654e-07
2.956669247145258249e-07
2.954631960489280374e-07
2.952594673833301969e-07
2.950557387177324094e-07
2.948520100521345689e-07
2.946482813865367284e-07
2.944445527209389409e-07
2.942408240553411004e-07
2.940370953897433129e-07
2.938333667241454724e-07
2.936217651794402257e-07
2.934101636347349260e-07
2.931985620900296793e-07
2.929869605453243796e-07
2.927753590006191329e-07
2.925637574559138861e-07
2.923521559112085865e-07
2.921405543665033397e-07
2.919289528217980401e-07
2.917173512770927933e-07
2.915182203535457892e-07
2.913190894299987322e-07
2.911199585064517281e-07
2.909208275829047240e-07
2.907216966593577199e-07
2.905225657358106628e-07
2.903234348122636587e-07
